0.00701510177213982
0.0017870209522129477
0.0029676228851291953
-0.18951844278738234
-0.1463985685640754
0.0030120535413388216
0.003916728876764197
0.0019855474856564914
0.0047998391482333425
0.008372542727422272
-0.20009094251918502
0.0014615958680117558
-0.06778282311010059
0.007564064207811638
0.001814824820032257
0.007922481079275956
0.00039873271337098615
0.0014300988248406865
0.008979212300322836
6.146289042308073e-05
0.005501684402553497
0.00019147285272347325
0.002484131081448737
0.008680945201475776
0.00744276192760962
-0.22055024232076648
0.001844005764658041
0.004695215224359339
0.004007336726881361
0.000341435555888725
0.001721695750604213
-0.2321372544766857
0.001999710769922003
0.0012333695662459787
-0.028282619654156904
0.0072875429423796545
0.0024496274744160162
0.002484131081448737
0.002484131081448737
0.0070295563784003035
0.00272256447449315
0.004788037613316476
-0.14003496099294416
0.00027060584597315973
0.00016460760442937872
0.003501707949096877
